values for 1 are : 
gamma : 406.932
lhs : (1.06113e-07,1.06113e-07)
rhs : (2.75545e-10,2.75545e-10)
radius : (0.000243654,0.000243654)
0